222222222222222222222222222222222222222222222222222222222222222222222222222222222222222222222222222222222222222222222222222222222222222222222222222222222222222222222222222222222222222222222222222222222222222222222212222222222221222222222222
222222222222222222222222222222222222222222222222222222222222222222222222222222222222222222222222222222222222222222222222222222222222222222222222222222222222222222222222222112222222221222222122122221212221112111221111111210112200222222222222
222222222222222222222222222222222222222222222222222222222222222222222222222222222222222222222222222222222222222222222222222222222222222222222222222222222222222222222222111111222222210122221111111111111111111111111111111111111011222222222222
222222222222222222222222222222222222222222222222222222222222222222222222222222222222222222222222222222222222222222222222222222222222222222222222222222222222222222222221000000222222200022011101111111110100000100010101111100011112222222222222
222222222222222222222222222222222222222222222222222222222222222222222222222222222222222222222222222222222222222222222222222222222222222222222222222222222222222222222220000000222222200022000000000000000000000000000000010000000022222222222222
222222222222222222222222222222222222222222222222222222222222222222222222222222222222222222222222222222222222222222222222222222222222222222222222222222222222222222222222000000022222200022000000000000000000000000000000000000000022222222222222
222222222222222222222222222222222222222222222222222222222222222222222222222222222222222222222222222222222222222222222222222222222222222222222222222222222222222222222222000000022222100022000000000000000000000000000000000000000120111222221222
222222222222222222222222222222222222222222222222222222222222222222222222222222222222222222222222222222222222222222222222222222222222222222222222222222222222222222222222000000022222002022000000000000000000000000000000000000000020000222000222
222222222222222222222222222222222222222222222222222222222222222222222222222222222222222222222222222222222222222222222222222222222222222222222222222222222222222222222222000001111111002022000000000000000000000000000000000000000100002220022222
222222222222222222222222222222222222222222222222222222222222222222222222222222222222222222222222222222222222222222222222222222222222222222222222222222222222222222222222200000000010000022000000000000000000000000000000000000000000022200222222
222222222222222222222222222222222222222222222222222222222222222222222222222222222222222222222222222222222222222222222222222222222222222222222222222222222222222222222222200000000000000220000000000000000000000000000000000000000000022002222222
222222222222222222222222222222222222222222222222222222222222222222222222222222222222222222222222222222222222222222222222222222222222222222222222222222222222222222222222200000000000000220000000000000000000000000000000000000000000220022222222
222222222222222222222222222222222222222222222222222222222222222222222222222222222222222222222222222222222222222222222222222222222222222222222222222222222222222222222222220000000000000220000000000000000000000000000000000000000002200222222222
222222222222222222222222222222222222222222222222222222222222222222222222222222222222222222222222222222222222222222222222222222222222222222222222222222222222222222222222220000000000000220000000000000000000000000000000000000000022002222222222
222222222222222222222222222222222222222222222222222222222222222222222222222222222222222222222222222222222222222222222222222222222222222222222222222222222222222222222222220000000000000220000000000000000000000000000000000000000220022222222222
222222222222222222222222222222222222222222222222222222222222222222222222222222222222222222222222222222222222222222222222222222222222222222222222222222222222222222222222220000000000000220000000000000000000000000000000000000000200222222222222
222222222222222222222222222222222222222222222222222222222222222222222222222222222222222222222222222222222222222222222222222222222222222222222222222222222222222222222222222000000000000200000000000000000000000000000000000000002002222222222222
222222222222222222222222222222222222222222222222222222222222222222222222222222222222222222222222222222222222222222222222222222222222222222222222222222222222222222222222222000000000000200000000000000000000000000000000000000020022222222222222
222222222222222222222222222222222222222222222222222222222222222222222222222222222222222222222222222222222222222222222222222222222222222222222222222222222222222222222222222000000000000200000000000000000000000000000000002000200212222222222222
222222222222222222222222222222222222222222222222222222222222222222222222222222222222222222222222222222222222222222222222222222222222222222222222222222222222222222222222222000000000002200000000000000000000000000000000020002000002222222222222
222222222222222222222222222222222222222222222222222222222222222222222222222222222222222222222222222222222222222222222222222222222222222222222222222222222222222222222222222200000000002200000000000000000000000000000000000000000201122222222222
222222222222222222222222222222222222222222222222222222222222222222222222222222222222222222222222222222222222222222222222222222222222222222222222222222222222222222222222222200000000002200000000000000000000000000000010200000020000222222222222
222222222222222222222222222222222222222222222222222222222222222222222222222222222222222222222222222222222222222222222222222222222222222222222222222222222222222222222222222200000000002000000000000000000000000000000002000002000022222222222222
222222222222222222222222222222222222222222222222222222222222222222222222222222222222222222222222222222222222222222222222222222222222222222222222222222222222222222222222222220000000002000000000000000000000000000000000000000022222222222222222
222222222222222222222222222222222222222222222222222222222222222222222222222222222222222222222222222222222222222222222222222222222222222222222222222222222222222222222222222220000000002000000000000000000000000000000000000002222222222222222222
222222222222222222222222222222222222222222222222222222222222222222222222222222222222222222222222222222222222222222222222222222222222222222222222222222222222222222222222222220000000002000000000000000000000000000000010000222222012222222222222
222222222222222222222222222222222222222222222222222222222222222222222222222222222222222222222222222222222222222222222222222222222222222222222222222222222222222222222222222220000000102000000000000000000000000000000000012222220012222222222222
222222222222222222222222222222222222222222222222222222222222222222222222222222222222222222222222222222222222222222222222222222222222222222222222222222222222222222222222222220000000002000000000000000000000000000000000002222000001222222222222
222222222222222222222222222222222222222222222222222222222222222222222222222222222222222222222222222222222222222222222222222222222222222222222222222222222222222222222222222220000000020000000000000000000000000000000000022220000000122222222222
222222222222222222222222222222222222222222222222222222222222222222222222222222222222222222222222222222222222222222222222222222222222222222222222222222222222222222222222222220000000020000000000000000000000000000000000220000000122222222222222
222222222222222222222222222222222222222222222222222222222222222222122222222222222222222222222222222222222222222222222222222222222222222222222222222222222222222222222222222220000001020000000000000000000000000002000000000000002222222222222222
222222222222222222222222222222222222222222222221111111111111122222011222222222222222222222222222222222222222222222222222222222222222222222222121111112122222222222222222222222111111110001100000000011000000111111102000000000022222222222222222
222222222222222222222222222222222222222222222221111111110101022222011222222222222222222222222222222222222222222222222222222222222222222222222010011011022222222222222222222222010001111111111001110001010000010001111111110111222222222222222222
222222222222222222222222222222222222222222211111011000000111022222011112222222222222222222222222222222222222222222222222222222222222222222221000001000122222222222222222222211000000100000000000010000000000000000000010100000222222222222222222
222222222222222222222222222222222222222222211111111111111111111111111111112212122222222222222222222222222222222222222222222222222222222222111111111111122222222222222222221111110000000000000000000000000000000000000010000002222222222222222222
222222222222222222222222222222222222222222211000100000000000000000010000012202022222222222222222222222222222222222222222222222222222221111111100001000012222222222222222211111110000000000000000000000000000000000000011000012222222222222222222
222222222222222222222222222222222222222222220000000000000000000000000000011212022222222222222222222222222222222222222222222222222222221111110000000000002222222222222222221000000000000000000000000000000000000000000010000011222222222222222222
222222222222222222222222222222222222222222220000000000000000000000000000001101112222222222222222222222222222222222222222222222222222111111100000000000002222222222222222221000000000000000000000000000000000000000000010000011222222222222222222
222222222222222222222222222222222222222222220000000000000000000002000000000111112222222222222222222222222222222222222222222222222222000000000000000000002212222222222222221000000000000000000000000000000000000000000110000001222222222222222222
222222222222222222222222222222222222222222221000000000000000000002200000111011111222222222222222222222222222222222222222222222222222000000000000000000002112222222222222221000000000000000000000000000000000000000000110000000222222222222222222
222222222222222222222222222222222222222222220000000000000000000002210011111101111222222222222222222222222222222222222222222222222222000000000000000000022012222222222222221000000000000000000000000000000000000000000110000002222222222222222222
222222222222222222222222222222222222222222222000000000000000000011111000111100011222222222222222222222222222222222222222222222222222000000000000000000022001222222222222221000000000000000000000000000000000000000000100000222222222222222222222
222222222222222222222222222222222222222222222000000000000000001111111100000000001222222222222222222222222222222222222222222222222222000000000000000011112012222222222222211000000000000000000000000000000000000000000100002222222222222222222222
222222222222222222222222222222222222222222222200000000000000000111111000000000001222222222222222222222222222222222222222222222222222000000000000000001111011222222222222211000000000000000000000000000000000000000000111022222222222222222222222
222222222222222222222222222222222222222222222200000000000000000000000000000000001222222222222222222222222222222222222222222222222222000000000000000000011110222222222222110000000000000000000000000000000000000000000011120122222222222222222222
222222222222222222222222222222222222222222222220000000000000000000000000000000011122222222222222222222222222222222222222222222222222000000000000000000000012222222222222110000000000000000000000000000000000000000000010000222222222222222222222
222222222222222222222222222222222222222222222220000000000000000000000000000000011111222222222222222222222222222222222222222222222222200000000000000000000012222211000000111111000000000000000000000000000000000000000011222222222222222222222222
222222222222222222222222222222222222222222222222010000000000000000000000000000011111122222222222222222222222222222222222222222222222200000000000000000000012222222222222001201000000000000000000000000000000000000000011222222222222222222222222
222222222222222222222222222222222222222222222221110000000000000000000000000000000000122222222222222222222222222222222222222222222222200000000000000000000012222222222222200201000000000000000000000000000000000000000011022222212222222222222222
222222222222222222222222222222222222222222222221110000000000000000000000000000000000112222222222222222222222222222222222222222222222200000000000000000000012222222222222200001000000000000000000000000000000000000000011112220001000122222222222
222222222222222222222222222222222222222222222221110000000000000000000000000000000000122222222222222222222222222222222222222222222222200100000000000000000011222222222222200001000000000000000000000000000000000000000010011000000000122222222222
222222222222222222222222222222222222222222221111100000000000000000000000000000000000122222222222222222222222222222222222222222222222201100000000000000000010222222222222200001000000000000000000000000000000000000000010000000000000102222222222
222222222222222222222222222222222222222222220110000000000001000000000000000000000000122222222222222222222222222222222222222222222222200000000000000000000012222222222222200001000000000000000000000000000000000000000010000000000000000000122222
222222222222222222222222222222222222222111111110000000000000000000000000000000000000122222222222222222222222222222222222222222222222200000000000000000000012222222222222220021000000000000000000000000000000000000000010001100000000000000122222
222222222222222222222222222222222222221111110000000000000000000000000000000000000001122222222222222222222222222222222222222222222222200000000000000000000011222222222222220001000000000000000000000000000000000000000010011000000000000001122222
222222222222222222222222222222222222220111000000000000000000000000000000000000000001122222222222222222222222222222222222222222222222200000000000000000000010222222222222220001000000000000000000000000000000000000000110011222200000000001122222
222222222222222222222222222222222222221110000000000000000000000000000000000000000001122222222222222222222222222222222222222222222222200000000000000000000012222222222222220001000000000000000000000000000000000000000101112222222220000001122222
222222222222222222222222222222222222221100000000000000000000000000000000000000000001122222222222222222222222222222222222222222222222120000000000000000000011222222222222220001000000000000000000000000000000000000000001122222222222222200122222
222222222222222222222222222222222222220000000000000000002222222222220000000000000001122222100022222222222222222222222222122222222220020100000000000000000012222222222222220001000000000000000000000000000000000000000011122222222222222222222222
222222222222222222222222222222222222222000000000000000002222222222220000000000000001122222222000000222222222222122222220022222222200220000000000000000000012222222222222222001000000000000000000000000000000000000000011122222222222222222222222
222222222222222222222222222222222222222200100000000000002222222222220000000000000001122222222222220000002222220022222200222222222002220000000000000000000011222222222222222011000000000000000000000000000000000000000100001122222222222222222222
222222222222222222222222222222222222222201100000000000002222222222220000000000000001122222222222222222200000000222222202222222220022220000000000000000000010222222222222222001000000000000000000000000000000001000000111001122222222222222222222
222222222222222222222222222222222222222221000000000000000000000000000000000000000001122222222222222222222222200000022002222222220222220000000000000000000012222222222222222001000000000000000000000000000000011000000011100112222222222222222222
222222222222222222222222222222222222222222000000000000000000011000000000000000000001022222222222222222222222202222000000222222200222220100000000000000000012222222222222222011000000000000000000000000000000011220000111222222222222222222222222
222222222222222222222222222222222222222222200000000000000000000000000000000000000001122222222222222222222222002222220220000000002222220100000000000000000012222222222222222201000000000000000000000000000000011022200100122222222222222222222222
222222222222222222222222222222222222222222200000000010000000000000000000000000000001122222222222222222222222022222200222222220000002221100000000000000000011222222222222222201000000000000000000000000000001111122220001122222222222222222222222
222222222222222222222222222222222222222222220010000010000000000000000000000000000001122222222222222222222220022222002222222200222200000000000000000000000012222222222222222201000000000000000000000000000111111121222201222222222222222222222222
222222222222222222222222222222222222222222222010000000000000000000000000000000000001112222222222222222222220222221122222222002222222211100000000000000000011222222222222222201000000000000000000000000000111222220222222222222222222222222222222
222222222222222222222222222222222222222222222110000000000000000000000000000000000000122222222222222222222200222220002222220022222222210000000000000000000012222222222222222201000000000000000010000000000111222200222222222222222222222222222222
222222222222222222222222222222222222222222222100000000000000000000000000000000000001122222222222222222222202222220002222220222222222200000000000000000000011222222222222222111000000000000001111100000001110222202222222222222222222222222222222
222222222222222222222222222222222222222222222200000000000000000000000000000000000001122222222222222222222002222200000222200222222222220000000000000000000010002222222222222111000000000000001221000000000012222202222222222222222222222222222222
222222222222222222222222222222222222222222222221100000000000000000000000000000000001122222222222222222222022222002200222002222222222220000000000000000000012200110022222222001000000000000001220200000000012222002222222222222222222222222222222
222222222222222222222222222222222222222222222221100000000000000000000000000000000001122222222222222222220022222022220020022222222222220000000000000000000012222220000111111111000000000000001120200000000012222022222222222222222222222222222222
222222222222222222222222222222222222222222222220100000000000000000000000000000000001122222222222222222210222220022220100222222222222211000000000000000000012222222222210000011000000000000001121100000000011222022222222222222222222222222222222
222222222222222222222222222222222222222222222221100000000000000000000000000000000001112222222222222222200222200222222002222222222222221000000000000000000012222222221110000000000000000000000111100000000011222022222222222222222222222222222222
222222222222222222222222222222222222222222222221100000000000000000000000000000000001102222222222222222210002202222220000222222222112221000000000000000000012222222221100000000000000000000000000000000000011220022222222222222222222222222222222
222222222222222222222222222222222222222222222221100000000000000000000000000000000001122222222222222222010000001022220100011112222111111000000000000000000012222222222110000000000000000000000000000000000012220222222222212222222222222222222222
222222222222222222222222222222222222222222222221100000000000000000000000000000000001122222222222222222110100001011011100011011021101110000000000000000000012222222222010000000000000000000000000000000000012220222222222201222222222222222222222
222222222222222222222222222222222222222222222222200010000000000000000000000000000001122212222222211000100000001000000000010010111000001100000000000000000012222222222010000000000000000000000000000000000011220222222222000222222222222222222222
222222222222222222222222222222222222222222222222220111000000000000000000000000000001111112222222210000000000000000000000000000110000001100000000000000000012222222222210000000000000000000000000000000000012200222222222002222222222222222222222
222222222222222222222222222222222222222222222222222111000000000000000000000000000001111112222222210000011000000000000000000000000111000000000000000000000012222222222210000000000000000000000000000000000011202222222220002222222222222222222222
222222222222222222222222222222222222222222222222222101111000000000000000000000000001110001222222210000010000000000000000000000000001000000000000000000000012222222222210000000000000000000000000000000000012202222212120022222222222222222222222
222222222222222222222222222222222222222222222222222110100000000000000000000000000001000002222222222202210000000000000000000100000000000000000000000000000012222222222211000000000000000000000000000000000012202222202000022222222222222222222222
222222222222222222222222222222222222222222222222222110110000000000000000000000000001000002222222222002210000000000000000000000000000000000000000000000000012222100222211000000000000000000000000000000000011002222002000022222222222222222222222
222222222222222222222222222222222222222222222222222210110000000000000000000000000001000022222222222022110000000000000000000000000000000000000000000000000012222110111110000000000000000000000000000000000011112112111001222222222222222222222222
222222222222222222222222222222222222222222222111122211100000000000000000000000000001000022222222220022110000000000000000000010000000000000000000000000000012222211000010000000000000000000000000000000000011111111111111111122222222222222222222
222222222222222222222222222222222222222222100110011111000000000000000000000000000001000022222222220222010000000000000000000010000000000000000000000000000012222211000000000000000000000000000000000000000000000000000000011112222222222222222222
222222222222222222222222222222222222222221100100010000000000000000000000000000000001000022222222200220010000000000000000000000000000000000000000000000000012222211111111000000000000000000000000000000000000000000000000011122222222222222222222
222222222222222222222222222222222222210011000000000000000000000000000000000000000011000022222222202220210000000000000000000000000000000000000000000000000012222222211111000000000000000000000000000000000000000000000000001122222222222222222222
222222222222222222222222222222222222210011001000000000000000000000000000000000000010000222222222002200211000000000000000000000000000000000000000000000000012222222222221000000000000000000000000000000000000000000000000000122222222222222222222
222222222222222222222222222222222222222222221000000100000000000000000000000000000010000222222222022002110000000000000000000000000000000000000000000000000012222222222221000000000000000000000000000000000000000000000000000122222222222222222222
222222222222222222222222222222222222222222221000000110000000000000000000000000000010000211222220022011100000000101011101111111110000000000000000000000000012222222222221000000000000000000000000000000000000000000000000001122122222222222222222
222222222222222222222222222222222222222222221100222010000000000000000000000000000011111112222220220001000000000000222222222222110000000000000000000000000112222222222221000000000000000000000000000000000000000000000000001120022222222222222222
222222222222222222222222222222222222222222222102222110000000000000000000000000000011111122222200200000000000022222222222222222210000000000000000000000000112222222222221000000000000000000000000000000000000000000000000001100222222222222222222
222222222222222222222222222222222222222222222222222111000000000000000000000000000001101122222201000000210222222222222222222222110000000000000000000001110112222222222221000000000000000000000000000000000000000000000000001112222222222222222222
222222222222222222222222222222222222222222222222222211000000000000000000000000000000001222222201000002222222222222222222222222210000000000000000000001120112222222222221000000000000000000000000000000000000000000000000001102222222222222222222
222222222222222222222222222222222222222222222222222201000000000000000000000000000000001222222000000022222222222222222222222222210000000000000000000001122222222222222221000000000000000000000000000000000000000000000000001122222222222222222222
222222222222222222222222222222222222222222222222222221100000000000000000000000000000001222222020000222222222222222222222222222111110000000000000000000112222222222222221000000000000000000000000000000000000000000000000001122222222222222222222
222222222222222222222222222222222222222222222222222220111000000000000000000000000000001222220000002222222222222222222222222222211111100000000000000000112222222222222221000000000000000000000000000000000000000000000000001122222222222222222222
222222222222222222222222222222222222222222222222222001121100000000000000000000000000001222220000002222222222222222222222222222210222110000000000000000112222222222222201000000000000000000000000000000000000000000000000001122222222222222222222
222222222222222222222222222222222222222222222222200022221100000000000000000000000000001222200000022222222222222222222222222222212222110000000000000000112222222222222211000000000000000000000000000000000000000000000000001122222222222222222222
222222222222222222222222222222222222222222222220000222211000110000000000000000000000001122200000222222222222222222222222222222212222110000000000000000122222222222222201000000000000000000000000000000000000000000000000001112222222222222222222
222222222222222222222222222222222222222222222211000220011000100000100000000000000000001222000002222222222222222222222222222222222222110000000000000000112222222222222201000000000000000000000000000000000000000000000000001112222222222222222222
222222222222222222222222222222222222222222222221000000001100000000110000000000000000001122000022222222222222222222222222222222222222110000000000000000102222222222222001000000000000000000000000000000000000000000000000001112222222222222222222
222222222222222222222222222222222222222222222222222000000000000000000000000000000000001121000222222222222222222222222222222222222222100000000000000000112222222222222001000000000000000000000000000000000000000000000000001122222222222222222222
222222222222222222222222222222222222222222222222221111010110000000000000000000000000001121002222222222222222222222222222222222222221100000000000000000122222222222222011000000000000000000000000000000000000000000000000001112222222222222222222
222222222222222222222222222222222222222222222222222211000011000000000000000000000000001100022222222222222222222222222222222222222221100000000000000000112222222222222001000000000000000000000000000000000000000000000000001112222222222222222222
222222222222222222222222222222222222222222222222222220000001100000000000000000000000001100022222222222222222222222222222222222222221100000000000000000122222222222220001000000000000000000000000000000000000000000000000001112222222222222222222
222222222222222222222222222222222222222222222222222221000011100001100000000000000000001101222222222222222222222222222222222222222221100000000000000000112222222222220011000000000000000000000000000000000000000000000000001112222222222222222222
222222222222222222222222222222222222222222222222222211000000000011000000000000000000001100222222222222222222222222222222222222222101100000000000000000111222222222221011000000000000000000000000000000000000000000000000001112222222222222222222
222222222222222222222222222222222222222222222222222221110111111111111111000000000000001100000222222222222222000000000000000000000101111100000000000000111222222222220011000000000000000000000000000000000000000000000000001112222222222222222222
222222222222222222222222222222222222222222222222222221100222222210001011000000000000000111111101000000000000022221002222222222222210222100000000000000011222222212200001000000000000000000000000000000000000000000000000001112222222222222222222
222222222222222222222222222222222222221022222222222222211222222221001011000000000000000111111110000110000101112221122112122112201120011100000000000000011101222100000111000000000000000000000000000000000000000000000000001122222222222222222222
222222222222222222222222222222221011111111111111122222212222222222222211000000000000000111111111111111111111111111111111111111111111111100000000000000011111111111111111000000000000000000000000000000000000000000000000001112222222222222222222
222210222222222222222222222222211111111111111111122222201122222222222211000000000000000000000000000000000000000000000000000000000000000000000000000000000000000000000000000000000000000000000000000000000000000000000000001112222222222222222222
222110022222222222222222222222220000000000000000012222201102222222222211000000000000000000000000000000000000000000000000000000000000000000000000000000000000000000000000000000000000000000000000000000000000000000000000001112222222222222222222
222200000222222222222222222222222000000000000000002210201002222222222211000000000000000000000000000000000000000000000000000000000000000000000000000000000000000000000000000000000000000000000000000000000000000000000000001112222222222222222222
222210000022222222222222222222222220000000000000002221200002222222222211000000000000000000000000000000000000000000000000000000000000000000000000000000000000000000000000000000000000000000000000000000000000000000000000001112222222222222222222
222220000000222222222222222222122222000000000000001111200002222222222211000000000000000000000000000000000000000000000000000000000000000000000000000000000000000000000000000000000000000000000000000000000000000000000000001112222222222222222222
222210200000002222222222222222112222210000000000001111111012222222222221000000000000000000000000000000000000000000000000000000000000000000000000000000000000000000000000000000000000000000000000000000000000000000000000001112222222222222222222
222210000000000222222222222222100222211000000000000001111012222222222211000000000000000000000000000000000000000000000000000000000000000000000000000000000000000000000000000000000000000000000000000000000000000000000000000112222222222222222222
222110000200000002222222222222100002211000000000000001111111111222222211000000000000000000000000000000000000000000000000000000000000000000000000000000000000000000000000000000000000000000000000000000000000000000000000000111222222222222222222
222110000002000101021222222222100001110000000000000000000111100222222211000000000000000000000000000000000000000000000000000000000000000000000000000000000000000000000000000000000000000000000000000000000000000000000000001111102212222222222222
222110000000011100000002222222100001000000000000000000000000000222110011000000000000000000000000000000000000000000000000000000000000000000000000000000000000000000000000000000000000000000000000000000000000000000000000000111111111111112222222
222210000000000000000000022222100000000000000000000000000000000222110111000000000000000000000000000000000000000000000000000000000000000000000000000000000000000000000000000000000000000000000000000000000000000000000000000000000000000011110001
222110000000000000000000000221100000000000000000000000000000010222111111000000000000000000000000000000000000000000000000000000000000000000000000000000000000000000000000000000000000000000000000000000000000000000000000000000000000001000010022
222110000000000000000000000011100000000000000000000000000000000122110111000000000000000000000000000000000000000000000000000000000000000000000000000000000000000000000000000000000000000000000000000000000000000000000000000000000000011000001122
222010000000000000000000000000000000000000000000000000000000002022110001000000000000000000000000000000000000000000000000000000000000000000000000000000000000000000000000000000000000000000000000000000000000000000000000000000000000011000001122
222210000000000000000000000000000000000000000000000000000000002022100001000000000000000000000000000000000000000000000000000000000000000000000000000000000000000000000000000000000000000000000000000000000000000000000000000000000000011000001122
222210000000000000000000000000000000000000000000000000000000001021110001000000000000000000000000000000000000000000000000000000000000000000000000000000000000000000000000000000000000000000000000000000000000000000000000000000000000001000001112
222110000000000000000000000000000000000000000000000000000000010022100001000000000000000000000000000000000000000000000000000000000000000000000000000000000000000000000000000000000000000000000000000000000000000000000000000000000000000100011112
222110000000000000000000000000000000000000000000000000000000000022110011000000000000000000000000000000000000000000000000000000000000000000000000000000000000000000000000000000000000000000000000000000000000000000000000000000000000000111100111
222110000000000000000000000000000000000000000000000000000000000022100001110000000000000000000000000000000000000000000000000000000000000000000000000000000000000000000000000000000000000000000000000000000000000000000000000000000000000000000111
222210000000000000000000000000000000000000000000000000000000000002110011100000000000000000000000000000000000000000000000000000000000000000000000000000000000000000000000000000000000000000000000000000000000000000000000000000000000000000000011
222110000000000000000000000000000000000000000000000000000000000002111111000000000000000111111111111111111111111000000000000001111111111111111111111111111111111111111111111111111111111100000000000000000000000000000000000000000000000000000011
222210000000000000000000000000000000000000000000000000000000001002222011000000000000000112111010022222221212201000000000000001100011000000000010200000000000000011111111111111111111110100000000000000000000000000000000000000000000000000000011
222210000000000000000000000000000000000000000000000000000000011111111110000000000000000122222221122222222222221100000000000001122222222222222220000000000122222000000122222222201222222100000000000000000000000000000000000000000000000000110011
222110000000000000000000000000000000000000000000000000000000001111111110000000000000001100222222222211111211111100000000000011022222222222222222222222222222222222222222222222222222221100000000000000000000000000000000000000000000000001110011
222210000000000000000000000000000000000000000000000000000000000000000000000000000000001001222222222221100111000000000000000011112222222222222222222222222222222222222222222222222222220100000000000000000000000000000000000000000000000001110222
222210000000000000000000000000000000000000000000000000000000000000000000000000000000001011222222222221100001100000000000000011222222222222222222222222222222222222222222222222222222222100000000000000000000000000000000000000000000000001100112
222110000000000000000000000000000000000000000000000000000000000000000000000000000000001100222221011111100000000000000000000011122222222222222222222222222222222222222222222222222222222100000000000000000000000000001100000000000000000001110112
222210000000000000000000000000000000000000000000000000000000000000000000000000000000001221222221011111000000000000000000000011222222222222222222222222222222222222222222222222222222221100000000000000000000000000001100000000000000000000000111
222110000000000000000000000000000000000000000000000000000000000000000000000000000000001222222222220110000000000000000000000011222222222222222222222222222222222222222222222222222222222100000000000000000000000000000100000000000000000000001111
222210000000000000000000000000000000000000000000000000000000000000000000000000000000001222222222222210000000000000000000000001222222222222222222222222222222222222222222222222222222221100000000000000000000000000000000000000000000000000001112
222210000000000000000000000000000000000000000000000000000000000000000000000000000000001222222222222210000000000000000000000001222222222222222222222222222222222222222222222222222222221100000000000000000000000000001000000000000000000000001111
222210000000000000000000000000000000000000000000000100000000000000000000000000000000001222222222220000100000000000000000000001222222222222222222222222222222222222222222222222222211111100000000000000000001100000001000000000000000000000000011
222111000001002211101100101010010011111111111111100110000000000000000000000000000000001222222221000001100000000000000000000001222222222222222222222222222222222222222222222222222210110000000000000000000000000000000000000000000000000000000011
222222222222222222222222222222222222222222222221002110000000000000000000000000000000001222222221000010001100000000000000000001222222222222222222222222222222222222222222222222222210110000000000000000000000000000000000000000001000000001000011
222222222222222222222222222222222222222222222222222211000000000000000000000000000000001122222221000110000110000000000000001111222222222222222222222222222222222222222222222222222210000000000000000000000000000000000000000000111000000001100011
222222222222222222222222222222222222222222222222212110000000000000000000000000000000001121122211000100000110000000000000001101222222222222222221112222222221222110222222221212121110000000000000000000000000000000000000000000110000000001100011
222222222222222222222222222222222222222222222222211110000000000000000000000000000000001121122221021100000100000000000000001221222222222222222111111111111111111111111111111111111110000000000000000000000000000000000000000001100000000001100011
222222222222222222222222222222222222222222222222110111000000000000000000000000000000001101122221221110001100000000000000001221112222222222222110000000000000000000000000010000000000000000000000000000000000000000000000000011000000000001100012
222222222222222222222222222222222222222222222222222111000000000000000000000000000000001101022222221110001000000000000000001110112222222222222110000000000000000000000000000000000000000000000000000000000000110000001100000011000000100000000011
222222222222222222222222222222222222222222222222221110000000000000000000000000000000001101222222221100010000000000000000000110012222222222222010000000000000000000000000000000000000000000000000000000000000000000001000000011000000000000000112
222222222222222222222222222222222222222222222222221000000000000000000000000000000000000001122222211100000000000000000000000000012222222222222110000000000000000000000000000000000000000000000000000000000000000000011000000001000000000000000112
222222222222222222222222222222222222222222222222221100000000000000000000000000000000000001122222221100000000000000000000000000012222222222222110000000000000000000000000000000000000000000000000000000000000000000011000011011000000000000001101
222222222222222222222222222222222222222222222222210100000000000000000000000000000000000001222222222111111110000000000000000000012222222222222110000000000000000000000000000000000000000000000000000000000000000000000000111011101110000000011110
222222222222222222222222222222222222222222222222210011000000000000000000000000000000000001222222222221111111000000000000000000012222222222222110000000000000000000000000000000000000000000000000000000000000000000000000111011000000000000111111
222222222222222222222222222222222222222222222222111011110000000000000000000000000000000001222222222222222211000000000000000000012222222222222110000000000000000000000000000000000000000000000000000000000000000000000000111011000000000100001222
222222222222222222222222222222222222222222222222211110111000000000000000000000000000000001122222222222222201000000000000000000012222222222222110000000000000000000000000000000000000000000000000000000000000000000000000110010000000001100001112
222222222222222222222222222222222222222222222222220111111000000000000000000000000000000001122222222222222201000000000000000000012222222222222110000000000000000000000000000000000000000000000000000000000000000000000000100000000000011000001111
222222222222222222222222212222222222222222222222221100111000000000000000000000000000000001122222222220000000000000000000000000012222222222222110000000000000000000000000000000000001110000000000000000000000000000000001100000000000000000000112
222222222222222222222222200000222222222222222222221100000000000000000000000000000000000001122220000000000000000000000000000000012222222222222110000000000000000000000000000000000001110000000000000000000000000000000000000000010000000000000110
222222222222222110002100102220000002222222122111112100000000000000000000000000000000000001122210100000000000000000000000000000012222222222222110000000000000000000000000000000000001100000000000000000000000000000000000000000010000000000000111
222222222222222110000100111111111111010101011111110100000000000000000000000000000000000001122210000000000000000000000000000000012222222222222110000000000000000000000000000000000000000000000000000000000000000000000000000000000000000000000112
222222222222222110000000100000000000000111110000000000000000000000000000000000000000000001222211000000011000000000000000000000012222222222222110000000000000000000000000000000000000000000000000000000000000000000000000000000000000001000001112
222222222222222110000000000000000000000000000000000000000000000000000000000000000000000001122210000000111100000000000000000000012222222222221110000000000000000000000000000000000000000000000000000000000000000000000000000000000000001100011112
222222222222222210000000000000000000000000000000000000000000000000000000000000000000000001222210000000000110000000000000000000012222222222222110000000000000000000000000000000000000000000000000000000000000000000000000000000000000000000000112
222222222222222210000000000000000000000000000000000000000000000000000000000000000000000001222210000002000010000000000000001111012222222222222110000000000000000000000000000000000000000000000000000000000000000000000010000000000000000000000112
222222222222222110000000000000000000000000000000000000000000000000000000000000000000000001222210000220000010000000000000001121112222222222222110000000000000000000000000000000000000000000000000000000000000000000000010000000000000000000000112
222222222222222210000000000000000000000000000000000000000000000000000000000000000000000001122210002220000000000000000000011222012222222222222110000000000000000000000000000000000000000000000000000000000000000000000000000001000000000000000112
222222222222222110000000000000000000000000000000000000000000000000000000000000000000000001122210022200000000000000000000010222222222222222222110000000000000000000000000000000000000000000000000000000000000000000000000000001000000000000000112
222222222222222210000000000000000000011000000000000000000000000000000000000000000000000001122210222000000000000000000000000222222222222222222110000000000000000000000000000000000000000000000000000000000000000000000000000000000000000000500112
222222222222222210000000000000001000011111000011111000000000100000000000000000000000000001222222222110000000000000000000000222222222222222222211000000110000000000000000000000000000000000000000000000000000000000000000000000000000000000000012
222222222222222210000000000011122222211111111111111111111111110000000000000000000000000001222222222210000000000000000000000222222222222222222211000000010000000000000000000000000000000000000000000000000000000000000000000000000000000000000011
222222222222222210000210222222222222222222222112222222222222011000000000000000000000000001222222222200000000000000000000000222222222222222222211000000011100000000000000000000000000000000000000000000000000000000000000000000000000000000000011
222222222222222212222222222222222222222222222222222222222222011000000000000000000000000001222222222000001000001110000000000022222222222222222211000222111111000000000000000000000000000000000000000000000000000000000000000000000000000000000011
222222222222222222222222222222222222222222222222222222222222011000000000000000000000000001122222221000011000000000000000000022222222222222222221022222210101000000000000001111111111110100000000000000000000000000000000000000000000000000000012
222222222222222222222222222222222222222222222222222222222222211000000000000000000000000001122222221111121111111111111111111122222222222222222221222222221100000000000001111111111111111100000000000000000000000000000000000000000000000000000011
222222222222222222222222222222222222222222222222222222222222211000000000000000000000000001122222222222121222121211211211211122222222222222222222222222221100000000000001122222222222222100000000000000000000000000000000000000000000000000000012
222222222222222222222222222222222222222222222222222222222222211000000000000000000000000001122222222222222222222212222222222222222222222222222222222222221100000000000001122222222222222100000000000000000000000000000000000000000000000000000012
222222222222222222222222222222222222222222222222222222222222211000000000000000000000000001122222222222222222222222222222222222222222222222222222222222221110000000000011122222222222222100000000000000000000000000000000000000000000000000000011
222222222222222222222222222222222222222222222222222222222222211000000000000000000000000001122222222222222222222222222222222222222222222222222222222222222111111111111110222222222222222100000000000000000000000000000000000000000000000000000011
222222222222222222222222222222222222222222222222222222222222201000000000000000000000000001122222222222222222222222222222222222222222222222222222222222220100000000000000022222222222222100000000000000000000000000000000000000000000000000000012
222222222222222222222222222222222222222222222222222222222222211000000000000000000000000001122222222222222222222222222222222222222222222222222222222222000000000000000000002222222222222100000000000000000000000000000000000000000000000000000012
222222222222222222222222222222222222222222222222222222222222211000000000000000000000000001122222222222222222222222222222222222222222222222222222222200000000000000000000000222222222222100000000000000000000000000000000000000000000000000000011
222222222222222222222222222222222222222222222222222222222222201000000000000000000000000001122222222222222222222222222222222222222222222222222222221000000000000000000000000022222222222100000000000000000000000000000000000000000000000000000012
222222222222222222222222222222222222222222222222222222222222211000000000000000000000000001122222222222222222222222222222222222222222222222222222221000000000000000000000000002222222222100000000000000000000000000000000000000000000000000000011
222222222222222222222222222222222222222222222222222222222222221000000000000000000000000001122222222222222222222222222222222222222222222222222222221000000000000000000000000000222222222100000000000000000000000000000000000000000000000000000012
222222222222222222222222222222222222222222222222222222222222211000000000000000000000000001122222222222222222222222222222222222222222222222222222221000000000000000000000000000022222221100000000000000000000000000000000000000000000000000000010
222222222222222222222222222222222222222222222222222222222222211000000000000000000000000001102222222222222222222222222222222222222222222222222222220000000000000000000000000000002222222101111111111100000000000000000000000000000000000000000011
222222222222222222222222222222222222222222222222222222222222211000000000000000000000000001102222222222222222222222222222222222222222222222222222000000000000000000020000000000000222222101110111111100000000000000001000000000000000000000000011
222222222222222222222222222222222222222222222222222222222222201000000000000000000000000001102222222222222222222222222222222222222222222222222220000000000000000000022000000000000022222100201111121100000000000000011110000000000000000000000011
222222222222222222222222222222222222222222222222222222222222211100000000000000000000000001102222222222222222222222222222222222222222222222222200000000000000000000022000000000000012220100212222122100000000000000111111000000000000000000000012
222222222222222222222222222222222222222222222222222222222222201000000000000000000000000111112222222222222222222222222222222222222222222222221000000000000000000000022000000000000012220000222222221110000000000000001121100000000000000000000011
222222222222222222222222222222222222222222222222222222222222011000000000000000000000001111102222222222222222222222222222222222222222222222221100000000000000000000022000000000000112220000222222222100011100000000000221110000000000000000000011
222222222222222222222222222222222222222222222222222222222222111000000000000000000000001111212222222222222222222222222222222222222222222222222000000000000000000000222000000000001122220000222222221110011110000000000022010000000000000000000111
222222222222222222222222222222222222222222222222222222222222201000000000000000000000001122222222222222222222222222222222222222222222222222221000000000000000000000222200000000011022220100222222222110100111000000000002000000000000000000000111
222222222222222222222222222222222222222222222222222222222222201000000000000000000000000101222222222222222222222222222222222222222222222222221000000000000000000000222200000010000002220000222222222111000111111100001100000000000000000000000111
222222222222222222222222222222222222222222222222222222222222211000000000000000000000000001222222222222222222222222222222222222222222222222221000000000000000000000222200001120111100200000222222222002100001111111111110000000000000000000000112
222222222222222222222222222222222222222222222222222222222222201000000000000000000111111111222222222222222222222222222222222222222222222222221000000000000000000000222201112122222220000000222222222002200000111111111200000000000000000000000111
222222222222222222222222222222222222222222222222222222222222201000000000000000000111111022222222222222222222222222222222222222222222222222201000000000000000000000222201222222222222010100222222222002200000102222222211000000000000000000000111
222222222222222222222222222222222222222222222222222222222222211000000000000000100101110022222222222222222222222222222222222222222222222222100000000000000000000000222222222222222222001111222222222112110110112222222211111111111111111111111112
222222222222222222222222222222222222222222222222222222222222001000000000001111110100000022222222222222222222222222222222222222222222222222200000000000000000000002222222222222222222200222222222222222220000112222222222222221111111111111111122
222222222222222222222222222222222222222222222222222222222222001000000000011111100100000002222222222222222222222222222222222222222222222222211111111111111111111112222222222222222222220222222222222222220000022222222222222222222222222222222222
222222222222222222222222222222222222222222222222222222222222101000000000010111000100000002222222222222222222222222222222222222222222222222222222222222222221122222222222222222222222220022222222222222220111122222222222222222222222222222222222
222222222222222222222222222222222222222222222222222222222222011000000000011220000100000002222222222222222222222222222222222222222222222222222222222222222222222222222222222222222222222002222222222222220002222222222222222222222222222222222222
222222222222222221222222222222222222222222222222222222222220011000000000011111010100000002222222222222222222222222222222222222222222222222222222222222222222222222222222222222222222222200222222222222222002222222222222222222222222222222222222
222222222222222211222222222222222222222222222222222222222220001000000000011111000100000002222222222222222222222222222222222222222222222222222222222222222222222222222222222222222222222220222222222222222002222222222222222222222222222222222222
222222222222222200122222222222222222222222222222222222222221001000000000000011100110000002222222222222222222222222222222222222222222222222222222222222222222222222222222222222222222222220122222222222222002222222222222222222222222222222222222
222222222222222201122222222222222211102222222222222222222221111000000000000000000111000011222222222222222222222222222222222222222222222222222222222222222222222222222222222222222222222222222222222222222002222222222222222222222222222222222222
222222222222222221122222222222101111111111111111111111111111110000000000000000000110000022222222222222222222222222222222222222222222222222222222222222222222222222222222222222222222222222222222222222222000222222222222222222222222222222222222
222222222222222210022222222222110000000000000000000000000000000000000000000000111110111122222222222222222222222222222222222222222222222222222222222222222222222222222222222222222222222222222222222222222200222222222222222222222222222222222222
222222222222222210022222222222210000000000000000000000000000000000000000000000111110221122222222222222222222222222222222222222222222222222222222222222222222222222222222222222222222222222222222222222222200222222222222222222222222222222222222
222222222222222211022222222221122211100000000000000000000000000000000000000000001110222222222222222222222222222222222222222222222222222222222222222222222222222222222222222222222222222222222222222222222200222222222222222222222222222222222222
222222222222222211122222222210022221100000000000000000000000000000000000000000001120222222222222222222222222222222222222222222222222222222222222222222222222222222222222222222222222222222222222222222222200222222222222222222222222222222222222
222222222222222210122222222210100001100000000000000000000000000000000000000000011000022000012222222222222222222222222222222222222222222222222222222222222222222222222222222222222222222222222222222222222200022222222222222222222222222222222222
222222222222222211122222221000100002100000000000000000000000000000000000000000011101000101112222222222222222222222222222222222222222222222222222222222222222222222222222222222222222222222222222222222222220022222222222222222222222222222222222
222221111111111111122222222200100000100000000000000000000000000000000000000001010100000001101222222222222222222222222222222222222222222222222222222222222222222222222222222222222222222222222222222222222220022222222222222222222222222222222222
222211111000100000111121111100100001110000000000000000000000000000000000000001110001000001122222222222222222222222222222222222222222222222222222222222222222222222222222222222222222222222222222222222222220022222222222222222222222222222222222
222211000000100000111111111101111111100000000000000000000000000000000000000001110110000001222222222222222222222222222222222222222222222222222222222222222222222222222222222222222222222222222222222222222220022222222222222222222222222222222222
222211000000000000000000000001111000000000000000000000000000000000000000000001110201000001222222222222222222222222222222222222222222222222222222222222222222222222222222222222222222222222222222222222222220002222222222222222222222222222222222
222211000000000000000000000011110000000000000000000000000000000000000000000000110000000001222222222222222222222222222222222222222222222222222222222222222222222222222222222222222222222222222222222222222222002222222222222222222222222222222222
222211000000000000000000000001100000000000000000000000000000000000000000000110100000110012222222222222222222222222222222222222222222222222222222222222222222222222222222222222222222222222222222222222222222002222222222222222222222222222222222
222211000000000000000001000000000000000000000000000000000000000000000000000110000000111222222222222222222222222222222222222222222222222222222222222222222222222222222222222222222222222222222222222222222222002222222222222222222222222222222222
222211100000000000000000000000000000000000000000000000000000000000000000000000000000011222222222222222222222222222222222222222222222222222222222222222222222222222222222222222222222222222222222222222222222002222222222222222222222222222222222
222211100000000000000000000000000000000000000000000000000000000000000000000100000000011222222222222222222222222222222222222222222222222222222222222222222222222222222222222222222222222222222222222222222222000222222222222222222222222222222222
222211000000010000000000000000000000000000000000000000000000000000000000000100000000011222222222222222222222222222222222222222222222222222222222222222222222222222222222222222222222222222222222222222222222200222222222222222222222222222222222
222211001100010000000090000000000000000000000000000000000000000000000000000000000000011122222222222222222222222222222222222222222222222222222222222222222222222222222222222222222222222222222222222222222222200222222222222222222222222222222222
222210011110000000000000000000000000000000000000000000000000000000000000000100000000011222222222222222222222222222222222222222222222222222222222222222222222222222222222222222222222222222222222222222222222200222222222222222222222222222222222
222210001100000000000000000000000000000000000000000000000000000000000000000100000000011222222222222222222222222222222222222222222222222222222222222222222222222222222222222222222222222222222222222222222222200222222222222222222222222222222222
222222201100000000000000000000000000000000000000000000000000000000000000000100000000012222222222222222222222222222222222222222222222222222222222222222222222222222222222222222222222222222222222222222222222201222222222222222222222222222222222
222210001000000000000000000000000000000000000000000000000000000000000000000000000000012222222222222222222222222222222222222222222222222222222222222222222222222222222222222222222222222222222222222222222222221222222222222222222222222222222222
220010000000000000000000000000000100000000000000000000000000000000000000000100000000011222222222222222222222222222222222222222222222222222222222222222222222222222222222222222222222222222222222222222222222222222222222222222222222222222222222
100110000000000000000000000000000000000000000000000000000000000000000000111110000000111002222222222222222222222222222222222222222222222222222222222222222222222222222222222222222222222222222222222222222222222222222222222222222222222222222222
110011111111111111111111111111111111111111111111111111111111111111111111111111111111112200000000022222222222222222222222222222222222222222222222222222222222222222222222222222222222222222222222222222222222222222222222222222222222222222222222
100011000101110000002001000000000000000000000000000001001111111111111100110001111122222222222222000012222222222222222222222222222222222222222222222222222222222222222222222222222222222222222222222222222222222222222222222222222222222222222222
100000000222220000200000000000000000000000000011000000000000000000000000110010000000002222222222222222222222222222222222222222222222222222222222222222222222222222222222222222222222222222222222222222222222222222222222222222222222222222222222
110002222222110022110010111111111111111111111111111111111111111111111111112220000000000122222222222222222222222222222222222222222222222222222222222222222222222222222222222222222222222222222222222222222222222222222222222222222222222222222222
222222222222210222222222222222220022222222222222222222222211002200211111122222222200000012222222222222222222222222222222222222222222222222222222222222222222222222222222222222222222222222222222222222222222222222222222222222222222222222222222
222222222222222222222222222222222000222222222222222222222222112211222112222222222222222222222222222222222222222222222222222222222222222222222222222222222222222222222222222222222222222222222222222222222222222222222222222222222222222222222222
222222222222222222222222222222222220022222222222222222222222222222222222222222222222222222222222222222222222222222222222222222222222222222222222222222222222222222222222222222222222222222222222222222222222222222222222222222222222222222222222
222222222222222222222222222222222222002222222222222222222222222222222222222222222222222222222222222222222222222222222222222222222222222222222222222222222222222222222222222222222222222222222222222222222222222222222222222222222222222222222222
222222222222222222222222222222222222200222222222222222222222222222222222222222222222222222222222222222222222222222222222222222222222222222222222222222222222222222222222222222222222222222222222222222222222222222222222222222222222222222222222
222222222222222222222222222222222222220002222222222222222222222222222222222222222222222222222222222222222222222222222222222222222222222222222222222222222222222222222222222222222222222222222222222222222222222222222222222222222222222222222222
222222222222222222222222222222222222222200222222222222222222222222222222222222222222222222222222222222222222222222222222222222222222222222222222222222222222222222222222222222222222222222222222222222222222222222222222222222222222222222222222
222222222222222222222222222222222222222220022222222222222222222222222222222222222222222222222222222222222222222222222222222222222222222222222222222222222222222222222222222222222222222222222222222222222222222222222222222222222222222222222222
222222222222222222222222222222222222222222000222222222222222222222222222222222222222222222222222222222222222222222222222222222222222222222222222222222222222222222222222222222222222222222222222222222222222222222222222222222222222222222222222
222222222222222222222222222222222222222222220022222222222222222222222222222222222222222222222222222222222222222222222222222222222222222222222222222222222222222222222222222222222222222222222222222222222222222222222222222222222222222222222222
222222222222222222222222222222222222222222222002222222222222222222222222222222222222222222222222222222222222222222222222222222222222222222222222222222222222222222222222222222222222222222222222222222222222222222222222222222222222222222222222
222222222222222222222222222222222222222222222200022222222222222222222222222222222222222222222222222222222222222222222222222222222222222222222222222222222222222222222222222222222222222222222222222222222222222222222222222222222222222222222222
222222222222222222222222222222222222222222222222002222222222222222222222222222222222222222222222222222222222222222222222222222222222222222222222222222222222222222222222222222222222222222222222222222222222222222222222222222222222222222222222
222222222222222222222222222222222222222222222222200222222222222222222222222222222222222222222222222222222222222222222222222222222222222222222222222222222222222222222222222222222222222222222222222222222222222222222222222222222222222222222222
222222222222222222222222222222222222222222222222220022222222222222222222222222222222222222222222222222222222222222222222222222222222222222222222222222222222222222222222222222222222222222222222222222222222222222222222222222222222222222222222
222222222222222222222222222222222222222222222222222000222222222222222222222222222222222222222222222222222222222222222222222222222222222222222222222222222222222222222222222222222222222222222222222222222222222222222222222222222222222222222222
222222222222222222222222222222222222222222222222222220022222222222222222222222222222222222222222222222222222222222222222222222222222222222222222222222222222222222222222222222222222222222222222222222222222222222222222222222222222222222222222
222222222222222222222222222222222222222222222222222222002222222222222222222222222222222222222222222222222222222222222222222222222222222222222222222222222222222222222222222222222222222222222222222222222222222222222222222222222222222222222222
222222222222222222222222222222222222222222222222222222200022222222222222222222222222222222222222222222222222222222222222222222222222222222222222222222222222222222222222222222222222222222222222222222222222222222222222222222222222222222222222
222222222222222222222222222222222222222222222222222222222002222222222222222222222222222222222222222222222222222222222222222222222222222222222222222222222222222222222222222222222222222222222222222222222222222222222222222222222222222222222222
222222222222222222222222222222222222222222222222222222222200222222222222222222222222222222222222222222222222222222222222222222222222222222222222222222222222222222222222222222222222222222222222222222222222222222222222222222222222222222222222
222222222222222222222222222222222222222222222222222222222220122222222222222222222222222222222222222222222222222222222222222222222222222222222222222222222222222222222222222222222222222222222222222222222222222222222222222222222222222222222222